-0.7923625 0.0 0.6100528 : 26.60093
0.4545145 0.0 0.8907396 : 24.90088
-0.06267554 0.0 -0.9980335 : 22.20082
-0.9962676 0.0 -0.08632606 : 22.50079
0.9577479 0.0 0.287608 : 22.90083
0.05526435 0.0 0.9984727 : 22.30078
0.5430705 0.0 -0.839689 : 25.60087
0.8762906 0.0 -0.4817846 : 25.10088
0.5348119 0.0 0.8449718 : 25.80092
0.9977493 0.0 -0.06706225 : 22.20078
-0.5363118 0.0 -0.8440207 : 25.40092
0.3003293 0.0 0.9538367 : 23.30082
-0.3687111 0.0 -0.9295449 : 23.80085
0.8659527 0.0 -0.5001256 : 25.20092
-0.389232 0.0 -0.9211408 : 23.90084
0.1173714 0.0 -0.9930903 : 22.50075
0.7136068 0.0 -0.7005469 : 28.60103
-0.9168062 0.0 0.3993369 : 23.80082
0.5402243 0.0 -0.8415231 : 25.40086
0.6975628 0.0 0.7165242 : 28.50104
-0.5623511 0.0 0.8268986 : 26.60096
0.4688546 0.0 -0.8832772 : 24.60085
0.978017 0.0 -0.208528 : 22.8008
0.5270278 0.0 -0.8498495 : 25.30088
-0.9997956 0.0 0.02025605 : 22.50079
-0.550894 0.0 0.8345752 : 26.30095
-0.09124012 0.0 0.9958305 : 22.50075
-0.4755496 0.0 -0.8796894 : 24.90088
0.4418771 0.0 0.8970769 : 24.40086
-0.07104747 0.0 -0.997474 : 22.30078
-0.6422852 0.0 -0.7664665 : 27.50097
-0.7410454 0.0 0.6714566 : 28.00099
-0.2092903 0.0 0.9778535 : 22.8008
-0.623367 0.0 -0.7819313 : 27.00094
0.1806604 0.0 0.9835469 : 22.6008
-0.6680362 0.0 -0.7441308 : 28.20099
0.8230001 0.0 0.5680432 : 26.10092
-0.8462268 0.0 -0.5328228 : 26.00094
-0.8287017 0.0 0.5596911 : 25.80092
0.8403568 0.0 -0.542036 : 25.90089
-0.0269998 0.0 0.9996375 : 22.40076
-0.5619381 0.0 0.8271798 : 26.50093
0.5664738 0.0 -0.8240808 : 26.00091
0.8069925 0.0 -0.5905612 : 26.80097
-0.835954 0.0 -0.5488017 : 26.10092
0.9021297 0.0 0.431466 : 24.30085
0.5722009 0.0 0.8201135 : 26.50096
-0.4997368 0.0 -0.8661776 : 25.20092
-0.4373032 0.0 0.899314 : 24.60089
-0.7356387 0.0 -0.6773754 : 28.30099
0.6256683 0.0 -0.7800906 : 27.00094
-0.9544171 0.0 0.2984802 : 22.90079
-0.8372664 0.0 -0.5467976 : 26.10092
-0.1708698 0.0 -0.9852937 : 22.70083
-0.9180111 0.0 -0.3965571 : 24.20087
0.9476941 0.0 -0.319186 : 23.40079
-0.02589657 0.0 -0.9996651 : 22.40079
0.9386041 0.0 -0.3449988 : 23.50085
0.1644716 0.0 0.986383 : 22.50079
-0.8985291 0.0 -0.4389159 : 24.60085
-0.6628384 0.0 0.7487627 : 28.50104
0.1747037 0.0 0.9846221 : 22.70079
-0.8333482 0.0 -0.5527496 : 26.40094
-0.8843476 0.0 0.4668312 : 24.60085
0.8724489 0.0 -0.4887068 : 25.10088
-0.4732693 0.0 -0.8809179 : 24.60089
0.6512098 0.0 0.7588975 : 28.00102
0.9979362 0.0 0.06422404 : 22.30078
-0.6712281 0.0 0.7412517 : 28.70104
0.6650257 0.0 0.7468202 : 28.50104
0.9760895 0.0 -0.2173727 : 22.8008
-0.8737329 0.0 -0.4864071 : 25.10088
-0.3509562 0.0 -0.9363924 : 23.60086
0.8844982 0.0 0.4665458 : 24.60085
-0.8060876 0.0 -0.5917958 : 27.30101
0.4769079 0.0 0.8789535 : 25.00092
-0.2045679 0.0 0.9788538 : 22.90079
-0.2268485 0.0 0.9739302 : 22.90083
-0.6800351 0.0 0.7331795 : 28.70104
0.8344338 0.0 0.55111 : 25.90092
-0.952449 0.0 -0.3047012 : 23.40083
-0.3752678 0.0 0.926918 : 23.90084
-0.9218349 0.0 0.3875844 : 23.70084
0.7185775 0.0 0.6954483 : 28.50101
-0.9306054 0.0 -0.366025 : 23.90084
-0.8557456 0.0 -0.5173976 : 25.6009
0.6989071 0.0 -0.7152125 : 28.50104
0.6031528 0.0 0.7976264 : 27.20098
0.9879412 0.0 0.1548427 : 22.40076
0.8571029 0.0 0.5151487 : 25.20086
-0.1517261 0.0 0.9884236 : 22.70079
-0.9997094 0.0 0.02410415 : 22.20078
-0.8068216 0.0 -0.5907973 : 27.10094
0.8792551 0.0 0.4763548 : 24.70085
-0.7754032 0.0 -0.6314669 : 27.90101
-0.6490753 0.0 -0.7607254 : 27.501
-0.7205197 0.0 0.693436 : 28.50101
0.2641238 0.0 -0.9644901 : 22.90079
-0.9471743 0.0 -0.3207246 : 23.70081
0.444215 0.0 -0.8959212 : 24.20087
-0.8003737 0.0 0.5995022 : 26.50096
0.7966896 0.0 -0.6043904 : 26.90096
0.5495797 0.0 -0.8354428 : 25.60087
-0.9957918 0.0 0.09165162 : 22.20078
0.1666687 0.0 0.9860138 : 22.70079
0.560849 0.0 -0.8279184 : 25.90089
-0.005006372 0.0 -0.9999873 : 22.30078
0.00197076 0.0 1 : 22.40076
0.4971007 0.0 0.867694 : 25.30088
-0.9343054 0.0 0.3564763 : 23.50082
-0.9940361 0.0 0.1090723 : 22.20074
0.5866104 0.0 0.8098704 : 26.70094
0.736317 0.0 -0.6766377 : 28.50101
0.7418328 0.0 0.6705853 : 28.00099
-0.7266091 0.0 0.6870522 : 28.10098
0.1779791 0.0 0.9840342 : 22.70083
-0.3851812 0.0 -0.9228408 : 24.00087
-0.6475787 0.0 -0.7619997 : 27.50097
0.9555371 0.0 0.294872 : 23.0008
-0.5381331 0.0 -0.842861 : 25.6009
0.7630483 0.0 0.6463421 : 27.701
0.591797 0.0 -0.8060883 : 26.30092
-0.08804072 0.0 0.9961177 : 22.6008
-0.1508207 0.0 0.9885622 : 22.70079
-0.3382751 0.0 0.9410477 : 23.70084
-0.3126779 0.0 -0.9498602 : 23.2008
0.9476554 0.0 -0.3192968 : 23.40083
-0.8970034 0.0 -0.4420271 : 24.80085
0.8239136 0.0 -0.5667162 : 26.50096
-0.7243561 0.0 0.6894265 : 28.20102
0.6425849 0.0 0.7662159 : 28.00099
-0.4181099 0.0 0.908396 : 24.30085
0.7057258 0.0 -0.7084849 : 28.30104
0.7149059 0.0 -0.6992214 : 28.70101
-0.9210715 0.0 0.3893977 : 23.70081
0.531091 0.0 -0.8473167 : 25.10088
0.8019616 0.0 -0.5973774 : 27.10097
0.7496271 0.0 0.6618618 : 27.801
0.3330019 0.0 0.942928 : 23.40083
-0.634343 0.0 0.7730514 : 28.00102
-0.7598942 0.0 0.6500471 : 27.50103
0.6870424 0.0 -0.7266183 : 28.20099
-0.993503 0.0 -0.1138106 : 22.40079
-0.8948074 0.0 -0.4464549 : 24.80085
-0.5117995 0.0 -0.8591062 : 25.10088
0.7883965 0.0 0.6151682 : 27.00097
0.5864418 0.0 0.8099912 : 26.70094
-0.176826 0.0 0.9842428 : 22.70079
-0.9941288 0.0 -0.1082108 : 22.40079
0.8910645 0.0 0.4538808 : 24.50085
0.7638872 0.0 0.6453512 : 27.70097
0.2719437 0.0 0.9623152 : 23.30079
0.7834771 0.0 -0.6214229 : 27.70097
-0.9053743 0.0 -0.4246167 : 24.40086
0.4154731 0.0 -0.9096074 : 24.10083
0.7763543 0.0 -0.6302965 : 27.70103
0.9074271 0.0 0.4202129 : 24.10086
0.8968589 0.0 0.4423164 : 24.20087
0.8793909 0.0 0.4761014 : 24.80088
0.393461 0.0 -0.9193421 : 23.80085
-0.8155791 0.0 -0.5786452 : 27.001
-0.2696341 0.0 0.9629639 : 23.30082
0.8440961 0.0 0.5361946 : 25.30088
0.8724684 0.0 -0.4886722 : 25.10088
0.8572744 0.0 -0.5148613 : 25.40092
-0.1469963 0.0 -0.9891379 : 22.6008
0.9831997 0.0 0.1825328 : 22.60084
-0.1080588 0.0 -0.994145 : 22.50079
0.7714925 0.0 0.6362391 : 27.60102
0.5628617 0.0 0.826552 : 26.30095
0.4444137 0.0 -0.8958217 : 24.20087
0.9916394 0.0 -0.1290363 : 22.50082
-0.6292449 0.0 0.7772084 : 27.801
-0.5610211 0.0 0.8278033 : 26.60096
-0.1989807 0.0 -0.9800042 : 22.70079
-0.6836952 0.0 0.7297687 : 28.80104
-0.7131487 0.0 -0.7010151 : 28.601
-0.8888271 0.0 -0.4582461 : 24.90088
-0.9488289 0.0 0.3157919 : 23.20083
-0.6137437 0.0 0.7895062 : 27.501
0.7964541 0.0 -0.6046998 : 27.101
-0.6940742 0.0 -0.7199056 : 28.50101
-0.1817601 0.0 -0.9833441 : 22.70076
0.5719624 0.0 -0.8202813 : 26.00088
-0.8067124 0.0 -0.5909461 : 27.10097
0.1990701 0.0 0.9799867 : 22.70079
-0.216079 0.0 -0.9763771 : 22.70079
0.1420392 0.0 0.9898628 : 22.50075
-0.6689823 0.0 0.7432794 : 28.70101
0.8732195 0.0 -0.4873309 : 25.30088
-0.8600782 0.0 -0.5101635 : 25.6009
0.1724568 0.0 0.9850179 : 22.6008
0.1845365 0.0 -0.9828278 : 22.50075
-0.6359471 0.0 -0.7717335 : 27.30098
0.9398656 0.0 -0.3415466 : 23.70084
0.688247 0.0 -0.725477 : 28.20102
-0.3949045 0.0 0.9187227 : 24.30085
0.5275859 0.0 0.8495019 : 25.70094
-0.4482227 0.0 0.8939216 : 24.70091
0.6804605 0.0 0.7327855 : 28.50104
-0.9241649 0.0 0.3819953 : 23.70084
-0.9817516 0.0 -0.190166 : 22.8008
-0.5365664 0.0 -0.843858 : 25.50092
-0.436307 0.0 0.8997986 : 24.60089
0.7134076 0.0 0.7007504 : 28.50101
-0.9109791 0.0 0.4124542 : 24.00084
0.9423762 0.0 -0.3345565 : 23.40083
0.5080982 0.0 -0.8612982 : 25.10091
-0.26326 0.0 -0.9647249 : 22.90083
-0.1875611 0.0 -0.9822541 : 22.50079
-0.6623234 0.0 -0.7492189 : 27.801
-0.8032987 0.0 -0.5955765 : 27.00097
-0.5079545 0.0 -0.8613847 : 25.30091
-0.8047615 0.0 -0.5935993 : 27.30098
-0.9292855 0.0 0.3693633 : 23.50085
0.2418033 0.0 0.9703265 : 22.90079
-0.6467035 0.0 -0.7627418 : 27.501
0.8270928 0.0 -0.562067 : 26.30095
-0.6796113 0.0 0.7335731 : 28.70104
-0.7487385 0.0 0.6628652 : 28.00104
0.2956537 0.0 0.955296 : 23.2008
0.9937266 0.0 -0.1118324 : 22.50082
0.1912684 0.0 0.9815387 : 22.6008
0.8640854 0.0 0.5033466 : 24.90091
-0.1934031 0.0 -0.9811201 : 22.50079
0.6301903 0.0 0.7764416 : 27.90101
-0.9427239 0.0 -0.3335786 : 23.70081
-0.6680914 0.0 0.7440792 : 28.50104
-0.816271 0.0 -0.5776701 : 26.80097
0.8464351 0.0 -0.5324931 : 25.80092
-0.896599 0.0 -0.4428467 : 24.60085
0.3687539 0.0 -0.929529 : 23.70081
-0.5938647 0.0 -0.8045651 : 26.60098
-0.9748366 0.0 0.2229267 : 22.6008
0.7849273 0.0 0.6195891 : 27.00097
0.8081128 0.0 -0.589029 : 26.80097
-0.8747153 0.0 -0.48464 : 25.20089
0.7456826 0.0 -0.6663026 : 28.50104
0.8402217 0.0 -0.5422449 : 26.10092
0.9390389 0.0 -0.3438096 : 23.60086
-0.9615571 0.0 -0.2746007 : 23.10083
0.7027061 0.0 -0.7114813 : 28.401
-0.7645928 0.0 -0.6445155 : 28.00099
0.9180831 0.0 -0.3963909 : 24.10083
0.7585068 0.0 0.6516652 : 27.80103
-0.7989746 0.0 -0.6013644 : 27.40099
-0.8080173 0.0 -0.58916 : 27.10097
0.8861591 0.0 0.4633838 : 24.70085
-0.08389091 0.0 0.9964769 : 22.40076
0.1271533 0.0 -0.991884 : 22.40079
-0.9911756 0.0 -0.1325624 : 22.50079
-0.5165204 0.0 0.8562756 : 25.6009
0.8886786 0.0 0.4585328 : 24.40083
-0.8727791 0.0 0.4881189 : 24.50085
-0.4685143 0.0 -0.8834555 : 24.60089
-0.2832339 0.0 0.9590511 : 23.20083
-0.7105129 0.0 -0.7036859 : 28.601
-0.3579447 0.0 -0.9337443 : 23.60082
0.419872 0.0 0.9075823 : 24.40089
0.7360779 0.0 -0.6768982 : 28.50101
0.9998239 0.0 0.01875336 : 22.20082
0.5033143 0.0 0.8641043 : 25.40089
-0.8070657 0.0 0.5904626 : 26.50096
-0.03178947 0.0 0.9994965 : 22.20074
-0.04156888 0.0 0.9991363 : 22.50079
-0.9917253 0.0 -0.1283956 : 22.70076
-0.8093243 0.0 -0.5873629 : 27.001
-0.9506203 0.0 0.3103569 : 23.0008
-0.9787637 0.0 -0.2049981 : 22.90079
0.6227933 0.0 -0.7823873 : 27.00097
0.8486527 0.0 0.5289522 : 25.20089
-0.463814 0.0 -0.8859317 : 24.70091
0.3322457 0.0 0.9431942 : 23.40083
0.8135222 0.0 0.5815344 : 26.30095
0.6111464 0.0 0.7915184 : 27.501
-0.9993821 0.0 0.03513202 : 22.20082
0.957771 0.0 -0.2875333 : 23.0008
0.9581174 0.0 -0.2863754 : 23.20083
-0.9179847 0.0 -0.3966165 : 24.20087
-0.783323 0.0 -0.6216158 : 27.60099
-0.7852445 0.0 0.6191876 : 27.00097
-0.5648012 0.0 0.8252282 : 26.60093
0.9454517 0.0 -0.3257627 : 23.40083
0.9899608 0.0 0.1413475 : 22.40079
-0.6307852 0.0 0.7759585 : 27.80103
-0.7405434 0.0 -0.6720105 : 28.40098
-0.8683906 0.0 0.4958847 : 24.90084
0.2056625 0.0 -0.9786249 : 22.70079
-0.9738019 0.0 0.2274011 : 22.90079
-0.9436477 0.0 -0.3309574 : 23.70081
0.6586645 0.0 -0.7524377 : 27.501
0.05842472 0.0 0.9982933 : 22.30074
-0.3285324 0.0 -0.9444932 : 23.40083
0.6433346 0.0 -0.7655852 : 27.20098
-0.5402042 0.0 0.841535 : 26.20094
0.7650859 0.0 0.6439281 : 27.70103
0.7878134 0.0 0.6159148 : 26.80097
-0.6652841 0.0 0.746591 : 28.50098
0.8462042 0.0 -0.5328603 : 25.90092
-0.8958251 0.0 -0.4444075 : 24.90088
0.7129667 0.0 0.7011977 : 28.70101
-0.7992983 0.0 0.6009366 : 26.40094
-0.1935337 0.0 -0.981095 : 22.8008
-0.9714 0.0 0.2374494 : 22.70083
-0.9467363 0.0 -0.3220073 : 23.30086
-0.5616586 0.0 -0.8273693 : 25.90095
0.9964997 0.0 0.08361325 : 22.20078
0.9944666 0.0 -0.1050746 : 22.40076
0.8424425 0.0 -0.5387888 : 25.70087
-0.3360788 0.0 0.9418349 : 23.70084
-0.9965447 0.0 0.08306626 : 22.20078
0.8328688 0.0 0.5534709 : 25.7009
-0.05465562 0.0 0.9985056 : 22.30078
0.9719306 0.0 0.2352701 : 22.8008
0.9813368 0.0 -0.192303 : 22.70079
0.4657083 0.0 -0.8849388 : 24.60089
0.08817797 0.0 -0.9961051 : 22.20078
-0.9412586 0.0 0.3376925 : 23.40079
-0.9996167 0.0 0.02776529 : 22.20074
0.3776519 0.0 0.925948 : 23.90087
0.9717669 0.0 0.2359438 : 22.50082
0.1157117 0.0 0.993284 : 22.6008
0.3019917 0.0 0.9533116 : 23.2008
0.1261071 0.0 0.9920171 : 22.6008
-0.01628776 0.0 0.9998682 : 22.40079
0.6820225 0.0 0.7313311 : 28.70104
0.6088498 0.0 -0.7932858 : 26.70097
-0.7650024 0.0 0.6440281 : 27.501
-0.7332718 0.0 0.679937 : 28.10098
0.9996399 0.0 -0.02687326 : 22.30078
-0.2073787 0.0 0.9782625 : 22.70079
0.9022244 0.0 -0.4312685 : 24.50088
-0.6299924 0.0 0.7766027 : 27.90099
0.08437441 0.0 0.9964342 : 22.30078
0.835355 0.0 -0.5497116 : 26.20094
0.7457014 0.0 0.6662802 : 27.90101
-0.6847475 0.0 0.7287814 : 28.70101
-0.9509163 0.0 0.3094524 : 22.90079
0.9691982 0.0 0.2462854 : 22.90079
0.7898056 0.0 -0.6133569 : 27.30101
-0.9958274 0.0 -0.09127413 : 22.40076
0.8066671 0.0 0.5910057 : 26.40094
-0.9998924 0.0 -0.01471912 : 22.20074
0.579227 0.0 -0.8151671 : 26.10092
-0.2930505 0.0 0.956098 : 23.40083
0.8101089 0.0 -0.5862813 : 26.80094
0.04653034 0.0 0.998916 : 22.20082
-0.9365107 0.0 -0.3506436 : 23.70081
0.2831561 0.0 0.9590759 : 23.2008
-0.4094321 0.0 0.91234 : 24.40089
0.9739453 0.0 -0.2267877 : 22.90079
-0.04009148 0.0 -0.9991962 : 22.40079
0.6462637 0.0 0.7631149 : 28.00102
0.7206458 0.0 0.6933047 : 28.60098
0.00292057 0.0 0.9999968 : 22.20074
0.1151036 0.0 0.9933544 : 22.40079
-0.9976968 0.0 0.06783697 : 22.30078
-0.8511708 0.0 -0.5248913 : 25.7009
0.1184785 0.0 -0.9929566 : 22.50082
0.8901654 0.0 0.4556384 : 24.40086
-0.8361841 0.0 0.5484499 : 25.70094
-0.7042867 0.0 -0.7099164 : 28.50101
-0.9027255 0.0 -0.4302188 : 24.60085
0.1788517 0.0 -0.9838759 : 22.70083
-0.8464255 0.0 -0.5325081 : 25.80092
-0.7083381 0.0 0.7058737 : 28.70104
0.1987723 0.0 0.9800459 : 22.8008
0.9983516 0.0 0.057399 : 22.20078
-0.8576128 0.0 0.5142977 : 25.10088
0.7518742 0.0 -0.6593082 : 28.30099
-0.3365931 0.0 0.9416519 : 23.50082
-0.9494587 0.0 -0.3138935 : 23.60086
0.5369214 0.0 -0.8436333 : 25.30088
0.9983473 0.0 0.05747679 : 22.30078
0.7997083 0.0 0.6003902 : 26.60096
0.9394065 0.0 -0.3428092 : 23.30082
0.8449773 0.0 0.534803 : 25.6009
0.9647669 0.0 0.26311 : 22.90079
0.8923091 0.0 0.4514252 : 24.40086
0.8659842 0.0 0.5000734 : 25.10088
-0.6446446 0.0 0.7644824 : 28.20102
-0.7725786 0.0 0.6349196 : 27.30098
-0.8188827 0.0 -0.5739611 : 26.80097
0.0696452 0.0 -0.9975724 : 22.40079
0.8633015 0.0 -0.5046896 : 25.10091
0.4050548 0.0 0.9142936 : 24.20083
-0.5654371 0.0 -0.824792 : 26.00091
0.5918028 0.0 0.8060839 : 27.10097
-0.1599863 0.0 -0.9871198 : 22.70079
-0.6800123 0.0 0.7332023 : 28.70104
-0.9203226 0.0 -0.3911612 : 24.20087
-0.5950428 0.0 -0.8036951 : 26.50093
-0.211503 0.0 -0.977379 : 22.90079
-0.5871585 0.0 0.809473 : 27.00097
-0.9221817 0.0 -0.386758 : 24.10086
-0.8835138 0.0 -0.4684063 : 25.00088
0.4343423 0.0 -0.9007497 : 24.30085
-0.7335659 0.0 0.679619 : 28.10101
0.1330234 0.0 -0.9911146 : 22.40076
-0.9775394 0.0 -0.2107597 : 23.0008
-0.3742656 0.0 0.9273232 : 24.00084
-0.7996246 0.0 0.6005011 : 26.50093
0.1607083 0.0 -0.9870031 : 22.40079
0.9135078 0.0 0.4068238 : 24.00084
0.05141995 0.0 -0.9986788 : 22.30074
-0.9294607 0.0 -0.3689252 : 24.00081
-0.6981457 0.0 -0.7159563 : 28.50104
0.9492058 0.0 0.3146592 : 23.2008
0.916793 0.0 -0.3993648 : 24.10086
0.9941714 0.0 -0.1078193 : 22.30078
0.7995987 0.0 0.600536 : 26.60093
-0.7955737 0.0 -0.6058582 : 27.30098
-0.6458425 0.0 -0.7634713 : 27.701
-0.7411751 0.0 0.6713125 : 28.00099
0.6807593 0.0 -0.7325083 : 28.20099
-0.9309934 0.0 0.3650391 : 23.50082
-0.7161688 0.0 0.6979269 : 28.60103
0.786054 0.0 -0.6181601 : 27.50097
-0.9984142 0.0 -0.05630236 : 22.30078
0.6192419 0.0 -0.7852023 : 26.80094
0.971804 0.0 0.2357973 : 22.90079
-0.9082505 0.0 0.4184279 : 23.90084
0.8105043 0.0 0.5857336 : 26.30095
0.02089135 0.0 -0.9997835 : 22.20074
-0.5027201 0.0 -0.8644509 : 25.10088
0.948238 0.0 -0.3175664 : 23.10079
0.6101379 0.0 -0.7922953 : 26.70097
-0.2921998 0.0 0.9563579 : 23.40083
0.01689073 0.0 -0.9998592 : 22.20074
-0.9951111 0.0 0.09878422 : 22.20074
-0.8518597 0.0 0.5237711 : 25.40092
0.3394097 0.0 0.9406405 : 23.30079
0.9616809 0.0 -0.2741775 : 23.10079
-0.9014589 0.0 0.4328681 : 24.10086
0.4729237 0.0 0.8811033 : 24.90091
-0.9480845 0.0 0.3180239 : 23.40079
-0.7984236 0.0 0.602098 : 26.50096
0.2112104 0.0 -0.9774413 : 22.50079
-0.6313242 0.0 0.7755197 : 27.90099
-0.8697278 0.0 0.4935338 : 24.90088
0.5854855 0.0 -0.8106847 : 26.20091
-0.02051041 0.0 -0.9997904 : 22.30078
0.1406825 0.0 0.9900558 : 22.40079
0.438589 0.0 0.8986887 : 24.40086
0.6650652 0.0 -0.7467855 : 27.801
0.6646013 0.0 -0.7471988 : 27.701
-0.4954151 0.0 -0.8686575 : 24.90088
0.9998273 0.0 -0.01863998 : 22.20078
-0.1560358 0.0 0.9877524 : 22.8008
-0.6387194 0.0 -0.7694407 : 27.40096
0.9124491 0.0 0.4091918 : 23.80085
0.2877859 0.0 -0.957696 : 23.10079
0.561079 0.0 0.827764 : 26.20091
-0.9602375 0.0 0.2791905 : 22.90079
0.620854 0.0 -0.783928 : 26.80094
0.5624629 0.0 -0.8268243 : 25.80092
-0.1263855 0.0 -0.9919834 : 22.50075
-0.9819586 0.0 0.1890957 : 22.30078
-0.8312715 0.0 -0.5558686 : 26.40091
-0.6893012 0.0 0.7244746 : 28.70104
0.3129893 0.0 -0.9497569 : 23.20083
0.4325932 0.0 -0.9015909 : 23.90084
-0.1194861 0.0 0.9928371 : 22.70079
-0.6709506 0.0 0.7415023 : 28.50104
-0.9446819 0.0 -0.3279925 : 23.70081
-0.9456901 0.0 0.3250713 : 23.30082
-0.984816 0.0 0.173604 : 22.70083
0.7868698 0.0 0.6171206 : 27.00097
0.9976605 0.0 0.06836172 : 22.30078
-0.558525 0.0 0.8294879 : 26.50096
-0.8120754 0.0 -0.5835532 : 27.00097
-0.6619135 0.0 0.749582 : 28.50101
0.9975181 0.0 0.07042408 : 22.30078
-0.04512505 0.0 -0.9989818 : 22.20078
-0.2406538 0.0 0.9706106 : 23.0008
0.2331544 0.0 0.9724412 : 22.70079
-0.5674797 0.0 0.823388 : 26.70097
-0.2969992 0.0 -0.9548784 : 23.30082
0.6909948 0.0 -0.7228594 : 28.20102
-0.8196424 0.0 -0.5728781 : 26.60093
0.6813291 0.0 -0.7319785 : 28.20099
-0.8867192 0.0 0.4623106 : 24.40086
-0.2950348 0.0 -0.9554876 : 23.0008
-0.6784227 0.0 0.7346731 : 28.60103
-0.9104926 0.0 -0.4135264 : 24.40086
-0.9587309 0.0 0.2843181 : 22.90079
0.7477944 0.0 -0.6639314 : 28.50101
-0.06850777 0.0 -0.9976512 : 22.50079
-0.7044589 0.0 0.7097449 : 28.70104
-0.9778536 0.0 -0.2092941 : 22.70079
0.5697268 0.0 -0.8218349 : 25.80092
0.2463794 0.0 -0.9691728 : 23.00084
0.929158 0.0 0.3696852 : 23.70084
0.7719432 0.0 0.6356927 : 27.501
-0.4315916 0.0 -0.9020701 : 24.30085
-0.9273984 0.0 0.3740779 : 23.70084
-0.02350487 0.0 0.9997241 : 22.40079
0.7402233 0.0 0.672363 : 28.30099
-0.1340777 0.0 -0.9909725 : 22.50079
-0.2661378 0.0 0.9639357 : 23.30082
-0.0250278 0.0 -0.9996874 : 22.20078
-0.8803713 0.0 0.474284 : 24.70091
-0.7859048 0.0 -0.6183487 : 27.501
-0.282252 0.0 0.9593406 : 23.20083
0.5555723 0.0 0.8314692 : 26.10092
0.9807225 0.0 -0.1954122 : 22.6008
-0.3831793 0.0 0.9236749 : 23.80085
0.7810579 0.0 0.6244601 : 27.10097
-0.9934365 0.0 -0.1144043 : 22.40076
-0.8429063 0.0 -0.5380615 : 26.10092
-0.775053 0.0 0.631898 : 27.30098
-0.8103314 0.0 0.5859725 : 26.30095
-0.7597185 0.0 -0.6502542 : 28.30099
0.4754188 0.0 0.8797597 : 25.10091
-0.2043522 0.0 0.9788989 : 22.90079
0.2619158 0.0 0.9650919 : 23.0008
-0.7590381 0.0 0.6510485 : 27.70097
0.8138319 0.0 0.5811018 : 26.30095
0.9148144 0.0 -0.4038776 : 24.10083
-0.7767321 0.0 -0.6298326 : 27.701
-0.9704357 0.0 0.2413667 : 22.90079
-0.6326813 0.0 0.7744139 : 27.70097
0.9596593 0.0 0.2811691 : 23.0008
0.7155839 0.0 -0.698527 : 28.70104
0.8760207 0.0 -0.4822758 : 25.20089
0.999139 0.0 -0.04150959 : 22.40079
0.5587083 0.0 0.8293652 : 26.30095
0.2553652 0.0 0.9668456 : 22.90079
-0.6989297 0.0 0.7151916 : 28.70101
0.6946969 0.0 0.7193029 : 28.50104
-0.9986858 0.0 0.05128956 : 22.40072
-0.6208476 0.0 -0.7839311 : 27.00097
0.6457984 0.0 -0.7635085 : 27.30098
0.8249281 0.0 -0.5652398 : 26.30095
0.1141112 0.0 0.9934693 : 22.6008
-0.9722361 0.0 -0.2340093 : 22.90079
0.1339905 0.0 -0.990983 : 22.40079
0.5395663 0.0 0.841944 : 25.80092
0.6953627 0.0 -0.718659 : 28.40103
0.5144997 0.0 0.8574911 : 25.6009
0.1929052 0.0 0.9812173 : 22.8008
-0.05592496 0.0 -0.9984356 : 22.30078
0.5776081 0.0 -0.8163149 : 26.00091
0.3288481 0.0 0.9443835 : 23.50085
0.8649589 0.0 0.5018439 : 25.00088
-0.8731954 0.0 -0.4873732 : 25.40089
0.81441 0.0 0.5802904 : 26.30095
-0.03135769 0.0 0.9995086 : 22.40079
0.4221428 0.0 -0.9065304 : 23.90084
-0.3827288 0.0 -0.9238613 : 24.00087
0.4948365 0.0 0.8689871 : 25.30088
-0.970713 0.0 0.240246 : 22.90079
0.8342562 0.0 0.551379 : 25.80092
-0.9392127 0.0 -0.3433395 : 23.60082
0.9953356 0.0 -0.09646775 : 22.20082
0.4180005 0.0 -0.908447 : 24.20087
0.9994537 0.0 -0.03307285 : 22.30078
-0.9994807 0.0 0.0322088 : 22.20078
0.9778175 0.0 -0.2094681 : 22.80077
-0.8041093 0.0 0.5944828 : 26.50093
-0.999366 0.0 -0.03562751 : 22.50079
0.9916939 0.0 -0.1286293 : 22.40079
-0.5774431 0.0 -0.8164327 : 26.30092
-0.7339656 0.0 -0.6791884 : 28.70098
0.3184568 0.0 -0.9479381 : 23.10083
-0.965187 0.0 -0.2615656 : 23.10079
-0.6734718 0.0 0.7392132 : 28.70104
-0.9341456 0.0 -0.3568944 : 23.90087
-0.970424 0.0 -0.2414045 : 23.00084
0.8168471 0.0 0.5768548 : 26.00091
0.7300626 0.0 -0.6833813 : 28.70104
-0.5403675 0.0 -0.8414285 : 25.60093
-0.5536978 0.0 0.8327174 : 26.50096
-0.4896405 0.0 -0.8719265 : 24.90088
0.9198381 0.0 -0.3923032 : 23.80082
0.4077035 0.0 -0.9131162 : 24.10083
-0.5977066 0.0 0.8017159 : 27.30098
0.7871673 0.0 0.6167403 : 26.90096
-0.678726 0.0 0.7343927 : 28.70101
0.7641088 0.0 -0.6450877 : 28.00102
-0.5933354 0.0 0.8049554 : 27.20101
-0.6243443 0.0 0.7811503 : 27.60099
-0.4971893 0.0 -0.8676427 : 25.10088
-0.5867832 0.0 0.8097447 : 27.10097
-0.713958 0.0 -0.7001883 : 28.70104
0.9645507 0.0 -0.2638999 : 23.0008
-0.9760315 0.0 0.2176382 : 22.90076
0.830372 0.0 -0.5572115 : 26.30095
0.6508207 0.0 0.7592325 : 28.10104
0.924019 0.0 0.382351 : 23.80082
-0.9900222 0.0 0.1409253 : 22.50075
0.8405528 0.0 0.5417308 : 25.6009
-0.08376367 0.0 0.996487 : 22.60077
-0.9994835 0.0 -0.03218751 : 22.50075
0.5990027 0.0 -0.8007483 : 26.50093
0.6369263 0.0 0.7709255 : 28.00099
-0.9958913 0.0 0.09056354 : 22.40079
-0.6273206 0.0 0.7787629 : 27.80097
0.4110295 0.0 0.9116231 : 24.30085
-0.5905389 0.0 0.8070103 : 27.00097
0.1154915 0.0 0.9933093 : 22.40079
-0.8012194 0.0 0.598371 : 26.60096
0.8405641 0.0 0.5417136 : 25.50092
-0.997126 0.0 -0.07577584 : 22.40079
-0.7879083 0.0 -0.6157941 : 27.801
-0.3137876 0.0 0.9494942 : 23.60082
-0.4772833 0.0 0.87875 : 25.10088
0.673602 0.0 -0.7390962 : 27.90099
0.7934207 0.0 -0.6086742 : 27.30098
0.5097017 0.0 -0.8603522 : 25.00088
-0.4207609 0.0 0.9071731 : 24.40086
0.8960867 0.0 0.4438797 : 24.10086
-0.1562751 0.0 -0.9877152 : 22.40076
0.1802992 0.0 -0.983612 : 22.50079
0.9842639 0.0 0.1767126 : 22.6008
0.2830584 0.0 -0.9591041 : 23.0008
0.5059075 0.0 0.8625877 : 25.30091
0.6971468 0.0 0.7169285 : 28.70104
0.8995216 0.0 0.436877 : 24.20087
-0.6879321 0.0 0.7257749 : 28.70101
-0.7211624 0.0 -0.6927672 : 28.70101
-0.1439938 0.0 -0.9895805 : 22.60077
-0.1783922 0.0 0.9839603 : 22.70079
0.7581951 0.0 0.652029 : 27.801
0.3109392 0.0 0.950431 : 23.40083
-0.9998069 0.0 -0.01968646 : 22.20078
0.9391842 0.0 0.3434166 : 23.30079
0.2496247 0.0 0.9683421 : 23.10083
0.8223915 0.0 -0.5689222 : 26.60096
0.7482178 0.0 -0.6634541 : 28.401
0.5710309 0.0 0.8209302 : 26.60093
0.7453681 0.0 -0.6666533 : 28.60106
0.9892242 0.0 0.1464233 : 22.40076
0.9253814 0.0 0.3790419 : 23.60079
0.4344318 0.0 -0.9007062 : 24.10086
0.6710467 0.0 0.7414148 : 28.50104
0.9900843 0.0 0.1404855 : 22.40076
0.1491441 0.0 -0.9888172 : 22.6008
-0.8086988 0.0 -0.5882254 : 27.10097
-0.166492 0.0 0.9860437 : 22.90079
0.940556 0.0 -0.3396406 : 23.70084
0.9380717 0.0 0.3464443 : 23.30082
-0.9886749 0.0 -0.1500774 : 22.70079
0.3384885 0.0 -0.9409723 : 23.2008
-0.5567854 0.0 0.8306577 : 26.30092
-0.5898809 0.0 0.807491 : 27.00097
0.2715391 0.0 -0.9624272 : 22.80084
-0.7348172 0.0 0.6782672 : 27.90099
0.5979148 0.0 0.801561 : 27.10097
-0.7924064 0.0 0.6099929 : 26.70097
-0.2959647 0.0 -0.9552008 : 23.2008
-0.5917872 0.0 0.8060943 : 27.20098
-0.9772167 0.0 0.2122484 : 22.8008
0.3355596 0.0 -0.9420196 : 23.30082
0.1202148 0.0 -0.9927481 : 22.40079
-0.7366397 0.0 -0.6762872 : 28.401
-0.05331916 0.0 0.9985783 : 22.30078
-0.7587761 0.0 0.6513528 : 27.70097
-0.2455889 0.0 0.9693743 : 22.90083
-0.5529132 0.0 0.8332398 : 26.30095
0.908508 0.0 0.41787 : 24.10086
0.9994011 0.0 -0.03466841 : 22.20074
-0.6323692 0.0 0.774668 : 27.70097
-0.4675854 0.0 -0.8839498 : 24.80085
-0.996331 0.0 -0.08558852 : 22.6008
0.06761148 0.0 -0.9977126 : 22.10076
-0.9973556 0.0 0.07267018 : 22.40079
0.8220744 0.0 0.5693813 : 26.10092
-0.9062717 0.0 0.4227005 : 23.80082
0.05563186 0.0 0.9984519 : 22.40079
0.8898329 0.0 -0.4562884 : 24.70088
0.9426025 0.0 -0.3339218 : 23.40083
0.6951914 0.0 0.7188259 : 28.70104
0.8106579 0.0 -0.5855217 : 26.70097
0.950563 0.0 -0.3105335 : 23.40083
-0.7294391 0.0 0.6840479 : 28.20096
-0.5802387 0.0 0.8144464 : 26.80097
0.735949 0.0 -0.6770373 : 28.70104
0.9983616 0.0 -0.05723874 : 22.40076
0.3692816 0.0 -0.929319 : 23.40083
-0.629884 0.0 -0.7766902 : 27.30098
-0.8702408 0.0 -0.492628 : 25.50089
0.9366841 0.0 -0.3501759 : 23.60086
0.7056098 0.0 0.708601 : 28.60103
0.1723283 0.0 0.9850409 : 22.6008
-0.8798537 0.0 0.4752446 : 24.50088
-0.8243719 0.0 0.566049 : 26.10092
-0.3223112 0.0 -0.9466351 : 23.40083
0.08998355 0.0 -0.9959444 : 22.50079
-0.4412216 0.0 0.8973998 : 24.70085
-0.6196299 0.0 -0.7848947 : 27.10097
-0.991649 0.0 -0.1289585 : 22.50082
-0.5348871 0.0 -0.8449249 : 25.40089
-0.7879561 0.0 0.6157327 : 26.90096
0.7185689 0.0 -0.6954577 : 28.40098
-0.9272565 0.0 -0.3744293 : 24.00084
0.7731445 0.0 0.6342306 : 27.40099
-0.5198472 0.0 0.8542601 : 25.80092
-0.1571069 0.0 -0.9875826 : 22.70079
0.7439286 0.0 -0.6682593 : 28.50104
-0.9478835 0.0 0.3186206 : 23.20083
0.9173558 0.0 0.3980698 : 23.90087
0.3222525 0.0 -0.9466537 : 23.20083
0.6461887 0.0 0.7631787 : 28.00099
-0.4808525 0.0 -0.8768025 : 24.90088
0.7554385 0.0 0.6552206 : 27.801
0.2801284 0.0 0.959963 : 23.20083
-0.5876239 0.0 0.8091353 : 27.00094
-0.11255 0.0 -0.9936475 : 22.50079
0.8826609 0.0 -0.4700123 : 24.80088
-0.2077575 0.0 0.9781811 : 23.0008
0.8908483 0.0 -0.4543048 : 24.60085
0.5687335 0.0 0.8225223 : 26.40094
-0.4355707 0.0 0.9001548 : 24.40086
-0.1103592 0.0 -0.9938924 : 22.50079
-0.4745364 0.0 0.8802374 : 24.90088
-0.9999731 0.0 -0.00746508 : 22.30074
-0.7635809 0.0 -0.6457137 : 28.10101
0.6420313 0.0 0.7666794 : 28.00099
-0.544539 0.0 -0.838736 : 25.80092
0.9538455 0.0 -0.3002985 : 17.70061
0.5406619 0.0 -0.8412414 : 25.30088
0.6726544 0.0 0.7399579 : 28.50101
0.7330357 0.0 -0.6801907 : 28.70104
0.7932689 0.0 0.608871 : 26.90099
-0.7956381 0.0 0.6057726 : 26.50096
0.9982515 0.0 0.0591165 : 22.30078
0.839726 0.0 -0.5430112 : 25.90092
0.8456365 0.0 0.53376 : 25.50092
-0.9834902 0.0 -0.1809663 : 22.70079
0.3187358 0.0 0.947845 : 22.30078
0.9999775 0.0 0.00694393 : 21.20069
-0.6766353 0.0 -0.7363192 : 26.90096
0.02882552 0.0 -0.9995858 : 21.20073
0.7045526 0.0 -0.7096536 : 27.30095
-0.7192402 0.0 0.6947613 : 27.101
0.9552526 0.0 -0.2957982 : 22.20074
-0.9570385 0.0 0.2899593 : 21.90078
-0.03043554 0.0 0.9995378 : 21.40074
-0.9708553 0.0 0.2396618 : 21.60078
0.4575002 0.0 0.8892106 : 23.50082
0.9673681 0.0 -0.2533757 : 21.90078
0.7556078 0.0 0.6550252 : 26.40091
0.5672659 0.0 0.8235355 : 25.20089
0.3130426 0.0 -0.9497405 : 22.10076
0.7054115 0.0 0.7087979 : 27.501
-0.9291253 0.0 -0.3697686 : 22.8008
0.9881461 0.0 0.1535241 : 21.30075
-0.4501706 0.0 -0.8929422 : 23.30086
-0.01250391 0.0 0.999923 : 21.30071
-0.8564372 0.0 -0.5162525 : 23.60082
-0.6052333 0.0 0.7960501 : 26.30089
0.7623975 0.0 0.6471089 : 26.10095
0.7884649 0.0 -0.6150817 : 26.30092
-0.01655566 0.0 0.9998642 : 21.20073
0.6301609 0.0 -0.7764668 : 25.80089
0.9621058 0.0 -0.2726804 : 22.00076
0.8398134 0.0 -0.5428779 : 25.00085
-0.02943086 0.0 -0.9995682 : 21.30075
-0.4671672 0.0 -0.8841712 : 23.50078
-0.9179917 0.0 -0.3966039 : 22.90079
-0.936537 0.0 0.3505746 : 22.20074
0.7937959 0.0 -0.6081848 : 26.30095
-0.9962479 0.0 0.08655188 : 21.30075
0.738391 0.0 -0.6743728 : 27.70097
0.5279657 0.0 -0.8492657 : 24.20087
0.9134092 0.0 0.4070484 : 22.70076
-0.9809381 0.0 -0.1943237 : 21.70075
0.9326082 0.0 0.3608945 : 22.40076
-0.4093643 0.0 0.9123712 : 23.20083
0.4255185 0.0 0.9049497 : 23.10083
-0.1660249 0.0 0.986123 : 21.40074
-1 0.0 -0.001383494 : 21.20069
0.941997 0.0 0.3356242 : 22.10076
-0.7618289 0.0 0.647779 : 26.10095
0.2889568 0.0 -0.9573432 : 22.00076
-0.3796276 0.0 0.925141 : 23.0008
-0.666633 0.0 -0.7453862 : 26.70097
0.8831315 0.0 0.4691277 : 23.30082
-0.8401558 0.0 -0.542346 : 25.00088
-0.3598926 0.0 0.932995 : 22.8008
-0.9152307 0.0 -0.4029324 : 23.10079
0.9471077 0.0 -0.3209175 : 22.40079
-0.9298665 0.0 -0.3679031 : 22.70076
-0.9901289 0.0 0.1401701 : 21.40074
0.5650815 0.0 0.8250355 : 25.20089
0.2582011 0.0 0.9660929 : 21.90074
-0.07959361 0.0 -0.99683 : 21.30071
0.8440452 0.0 0.5362721 : 24.20087
0.6410738 0.0 -0.7674804 : 26.10092
-0.4186268 0.0 0.9081594 : 23.30082
-0.6855831 0.0 0.7279956 : 27.70097
-0.9810869 0.0 0.1935753 : 21.40074
0.9403682 0.0 -0.3401611 : 22.50079
-0.9108729 0.0 0.4126891 : 22.70079
-0.9894602 0.0 -0.1448029 : 21.60078
-0.668702 0.0 -0.7435302 : 26.80097
-0.7429322 0.0 0.6693672 : 26.50096
-0.9381841 0.0 0.3461387 : 22.20078
-0.6438144 0.0 0.7651822 : 27.20098
0.5460212 0.0 0.8377729 : 24.80085
0.9515451 0.0 0.3075166 : 22.00073
-0.9929298 0.0 0.1187143 : 21.40074
0.9582196 0.0 -0.2860367 : 22.10076
-0.02698726 0.0 0.9996384 : 21.30071
0.04899704 0.0 0.9987994 : 21.30075
0.7631527 0.0 -0.6462198 : 27.00097
0.4439382 0.0 0.8960587 : 23.40083
0.665257 0.0 0.7466154 : 27.30095
-0.5342123 0.0 0.8453514 : 24.90088
-0.7671958 0.0 0.6414146 : 25.90092
0.226993 0.0 -0.9738976 : 21.80077
0.582593 0.0 0.812764 : 25.50092
0.7011781 0.0 0.7129876 : 27.60096
-0.7531687 0.0 -0.6578294 : 27.30095
-0.6360149 0.0 0.7716768 : 27.001
0.9317988 0.0 0.3629753 : 22.30078
0.317286 0.0 0.9483309 : 22.30078
0.9957422 0.0 -0.09219167 : 21.30075
0.8396095 0.0 0.5431919 : 24.40086
-0.6931455 0.0 -0.7207976 : 27.20098
0.3482468 0.0 -0.937404 : 22.30078
0.7524908 0.0 0.658605 : 26.60093
-0.06627697 0.0 0.9978011 : 21.30078
0.9995289 0.0 0.03070904 : 21.10073
-0.8774216 0.0 0.4797247 : 23.40079
-0.7888889 0.0 -0.6145372 : 26.30092
-0.03188964 0.0 -0.9994916 : 21.30078
-0.9558132 0.0 -0.2939778 : 22.10076
0.9109834 0.0 0.4124447 : 22.8008
0.9595655 0.0 0.2814927 : 21.90071
-0.7553266 0.0 0.6553488 : 26.30095
0.6757978 0.0 -0.7370879 : 26.70094
-0.1012972 0.0 -0.9948577 : 21.40074
-0.9549863 0.0 -0.2966567 : 22.30074
0.8483405 0.0 -0.5294532 : 24.70085
-0.4588738 0.0 -0.8885023 : 23.40083
0.1285063 0.0 0.9917092 : 21.40078
0.1914297 0.0 0.9815074 : 21.60074
-0.8726339 0.0 0.4883784 : 23.50078
-0.6690214 0.0 0.7432448 : 27.60096
-0.9442233 0.0 -0.3293043 : 22.50082
0.9189265 0.0 0.3944338 : 22.60077
-0.4302422 0.0 0.9027144 : 23.40083
-0.8186806 0.0 0.5742506 : 24.70085
-0.5901358 0.0 -0.8073047 : 25.10088
-0.9801013 0.0 0.1985033 : 21.50075
-0.429877 0.0 -0.9028873 : 23.00084
-0.5858322 0.0 -0.8104324 : 25.20089
0.6062359 0.0 -0.7952856 : 25.30088
-0.9277418 0.0 -0.3732257 : 22.90079
0.6950548 0.0 0.7189567 : 27.60099
-0.9897045 0.0 -0.1431178 : 21.60078
-0.1994525 0.0 0.9799079 : 21.90078
-0.8618466 0.0 -0.5071708 : 24.40086
-0.6499137 0.0 -0.7600089 : 26.40094
-0.7679676 0.0 -0.6404898 : 26.90096
0.7998564 0.0 0.6001923 : 25.30091
0.8758955 0.0 -0.4825037 : 23.9008
0.9129509 0.0 -0.4080698 : 23.0008
0.8365439 0.0 -0.5479015 : 24.90088
0.4955244 0.0 0.8685955 : 24.10083
0.9909795 0.0 0.1340246 : 21.30075
-0.5608038 0.0 0.8279498 : 25.30088
0.9241287 0.0 0.382087 : 22.50075
-0.9128325 0.0 -0.408336 : 23.20083
0.9978151 0.0 -0.06608386 : 21.20073
0.980635 0.0 -0.1958527 : 21.60071
0.99776 0.0 0.06691558 : 21.10073
0.9381011 0.0 -0.3463614 : 22.50082
-0.594651 0.0 0.8039837 : 26.00094
0.569722 0.0 -0.821838 : 24.70088
-0.1712865 0.0 -0.9852228 : 21.50075
-0.6111518 0.0 -0.7915143 : 25.6009
-0.8024169 0.0 -0.5967654 : 26.00091
0.3535174 0.0 0.935428 : 22.50079
0.9983165 0.0 0.05801556 : 21.20073
0.9662274 0.0 -0.257691 : 22.0008
0.3352673 0.0 0.9421241 : 22.30078
-0.5540571 0.0 -0.83248 : 24.60085
-0.9829198 0.0 -0.1840411 : 21.60074
-0.7628099 0.0 0.6466245 : 26.10092
-0.9930506 0.0 -0.1176981 : 21.50075
-0.4310758 0.0 -0.9023172 : 23.10079
0.9927704 0.0 -0.1200416 : 21.40074
0.8605819 0.0 -0.5093136 : 24.40086
-0.9783969 0.0 0.2067305 : 21.60078
0.9760801 0.0 0.2174108 : 21.60074
0.7261231 0.0 0.6875654 : 27.10097
0.9660143 0.0 -0.2584918 : 21.90078
-0.9048272 0.0 0.4257787 : 22.90083
-0.5631626 0.0 0.826348 : 25.40086
-0.5601859 0.0 -0.8283676 : 24.70085
0.6329287 0.0 0.7742099 : 26.60098
0.7295844 0.0 0.6838906 : 27.00097
0.8216467 0.0 -0.5699988 : 25.30088
-0.2939588 0.0 -0.9558203 : 22.10073
-0.5141356 0.0 0.8577086 : 24.50088
0.9847444 0.0 -0.1740154 : 21.50075
0.8821796 0.0 -0.4709126 : 23.70088
0.993894 0.0 -0.1103521 : 21.40074
-0.2940391 0.0 0.9557942 : 22.20078
0.2855705 0.0 0.9583591 : 22.00076
0.011789 0.0 0.9999319 : 21.30071
-0.6417184 0.0 -0.7669404 : 25.20089
0.5179094 0.0 0.8554362 : 24.40086
0.6028295 0.0 -0.7978706 : 25.20089
-0.4642644 0.0 -0.885698 : 23.50082
-0.9229834 0.0 -0.384839 : 23.00084
-0.9254484 0.0 0.3788759 : 22.50079
0.7213011 0.0 -0.6926225 : 27.60096
0.4682537 0.0 -0.8835952 : 23.40083
-0.5112144 0.0 -0.8594543 : 24.00084
0.6670792 0.0 -0.7449883 : 26.60093
0.5994023 0.0 0.8004489 : 25.90089
0.7961064 0.0 -0.6051588 : 26.00091
0.3228577 0.0 0.9464487 : 22.30078
0.834543 0.0 -0.5509441 : 25.10088
0.4211957 0.0 0.9069704 : 23.0008
0.6550014 0.0 0.7556289 : 27.10097
-0.06431456 0.0 0.9979308 : 21.30075
-0.6811017 0.0 -0.7321897 : 27.10094
-0.4621805 0.0 0.8867869 : 23.80085
-0.7103176 0.0 -0.7038831 : 27.60096
0.6343861 0.0 0.7730177 : 26.60093
0.8358032 0.0 -0.5490302 : 24.90088
-0.5751112 0.0 0.8180758 : 25.6009
-0.9231483 0.0 0.3844488 : 22.50075
-0.9984625 0.0 0.05542077 : 21.20077
0.9862812 0.0 -0.1650822 : 21.60074
0.4717425 0.0 -0.8817384 : 23.2008
-0.9032862 0.0 -0.4290408 : 23.40083
-0.4917127 0.0 0.8707581 : 24.20087
0.9517667 0.0 -0.3068238 : 22.20078
0.5283706 0.0 0.8490149 : 24.50085
0.5286269 0.0 -0.8488539 : 24.20087
-0.9986914 0.0 -0.0511841 : 21.20069
-0.9842671 0.0 0.1766912 : 21.50075
-0.7522171 0.0 -0.6589173 : 27.30095
0.7555309 0.0 -0.655113 : 27.20098
-0.2987438 0.0 -0.9543338 : 22.1008
-0.3879676 0.0 -0.9216741 : 22.70079
-0.7056006 0.0 -0.7086106 : 27.501
-0.7451015 0.0 -0.6669526 : 27.501
-0.335685 0.0 -0.9419736 : 22.30081
0.9471992 0.0 -0.3206489 : 22.40079
0.1614102 0.0 0.9868891 : 21.40074
-0.2176206 0.0 -0.9760346 : 21.70075
0.8222678 0.0 -0.569102 : 25.30088
0.6336348 0.0 -0.7736338 : 25.90092
-0.2476446 0.0 -0.9688516 : 21.80077
0.128802 0.0 -0.9916705 : 21.40078
0.7078198 0.0 0.7063941 : 27.501
0.9924651 0.0 -0.1225308 : 21.40078
-0.9967519 0.0 -0.08054477 : 21.40074
0.6926745 0.0 0.7212495 : 27.60102
-0.7921515 0.0 0.6103249 : 25.40089
0.4845094 0.0 -0.8747871 : 23.60086
0.2514068 0.0 -0.9678823 : 21.80077
-0.5178711 0.0 -0.8554602 : 24.00084
0.1624645 0.0 0.9867154 : 21.40074
-0.9302239 0.0 0.366993 : 22.40079
-0.9312466 0.0 0.3643893 : 22.40079
-0.7438333 0.0 -0.6683671 : 27.20092
0.8001101 0.0 0.5998551 : 25.30088
-0.2758432 0.0 0.9612031 : 22.10076
-0.4265885 0.0 0.9044473 : 23.40083
-0.5263783 0.0 -0.8502514 : 24.30085
0.7923075 0.0 0.6101231 : 25.40089
-0.2224774 0.0 0.9749397 : 21.90074
0.8670416 0.0 -0.4982354 : 24.20087
-0.840667 0.0 -0.541555 : 24.90088
-0.9080444 0.0 0.4188789 : 22.90076
0.4603767 0.0 0.8877245 : 23.50082
0.6148828 0.0 0.7886186 : 26.20094
-0.1358833 0.0 0.9907245 : 21.60078
-0.6760415 0.0 0.7368646 : 27.70097
0.8670275 0.0 -0.4982633 : 24.20083
-0.9540381 0.0 0.2996924 : 22.00073
-0.9998435 0.0 0.01778643 : 21.20073
-0.7773169 0.0 0.6291102 : 25.7009
0.3393629 0.0 -0.9406576 : 22.40076
0.5486686 0.0 -0.8360419 : 24.40083
0.6666025 0.0 -0.7454138 : 26.70097
-0.6312088 0.0 0.7756144 : 26.90093
-0.511939 0.0 -0.8590237 : 24.10083
0.2275149 0.0 -0.9737764 : 21.70075
-0.9115039 0.0 -0.4112956 : 23.30082
0.6651252 0.0 -0.746732 : 26.50096
-0.642535 0.0 0.7662576 : 27.00094
-0.3349184 0.0 0.9422486 : 22.50079
0.125052 0.0 0.992151 : 21.50075
-0.7510554 0.0 0.6602405 : 26.40091
-0.7718174 0.0 -0.6358444 : 26.70097
0.999806 0.0 0.01980079 : 21.20073
-0.5621784 0.0 0.8270163 : 25.30091
0.732959 0.0 -0.6802726 : 27.801
-0.823459 0.0 -0.5673763 : 25.40092
0.9901705 0.0 0.1398666 : 21.30075
0.9803849 0.0 0.197096 : 21.50075